------------------------------------------------------------
各 Trial CV 结果:
Trial  Mean RMSE  Std RMSE  CV Scores
------------------------------------------------------------
    0     3.2591    0.1817  [3.3515, 3.3994, 3.3051, 2.9008, 3.3387]
    1     0.5348    0.0245  [0.4963, 0.5529, 0.5663, 0.5375, 0.5210]
    2     2.6327    0.0432  [2.6544, 2.6917, 2.6072, 2.5651, 2.6452]
    3     0.7553    0.0134  [0.7555, 0.7504, 0.7727, 0.7334, 0.7647]
    4     2.1701    0.2794  [2.3330, 1.6939, 2.2128, 2.5274, 2.0836]
    5     0.8606    0.0270  [0.8923, 0.8450, 0.8794, 0.8164, 0.8700]
    6     4.2120    2.0028  [2.5740, 7.4415, 5.4420, 3.6525, 1.9499]
    7     0.6165    0.0225  [0.5892, 0.6226, 0.6531, 0.6209, 0.5967]
    8     2.4367    0.0436  [2.4565, 2.4969, 2.4097, 2.3693, 2.4512]
    9     0.9864    0.0327  [0.9946, 1.0396, 0.9865, 0.9390, 0.9723]
   10     0.7025    0.0113  [0.6919, 0.6979, 0.7241, 0.6961, 0.7023]
   11     0.5414    0.0171  [0.5152, 0.5529, 0.5585, 0.5536, 0.5270]
   12     0.5482    0.0158  [0.5240, 0.5544, 0.5726, 0.5449, 0.5449]
   13     0.5502    0.0158  [0.5271, 0.5574, 0.5750, 0.5444, 0.5474]
   14     0.5843    0.0223  [0.5532, 0.6021, 0.6146, 0.5843, 0.5674]
   15     0.5648    0.0123  [0.5409, 0.5705, 0.5736, 0.5737, 0.5656]
   16     0.5713    0.0201  [0.5444, 0.5869, 0.5967, 0.5764, 0.5519]
   17     0.6933    0.0251  [0.6567, 0.7007, 0.7335, 0.6942, 0.6817]
   18     0.5943    0.0275  [0.5650, 0.5963, 0.6384, 0.6062, 0.5654]
   19     0.5435    0.0177  [0.5182, 0.5529, 0.5712, 0.5386, 0.5364]
   20     0.6807    0.0219  [0.6512, 0.6975, 0.7083, 0.6868, 0.6596]
   21     0.5306    0.0211  [0.4961, 0.5546, 0.5493, 0.5329, 0.5201]
   22     0.5107    0.0192  [0.4816, 0.5172, 0.5402, 0.5128, 0.5016]
   23     0.5868    0.0268  [0.5495, 0.6043, 0.6207, 0.5978, 0.5616]
   24     0.5166    0.0195  [0.4827, 0.5282, 0.5412, 0.5148, 0.5162]
   25     0.5609    0.0216  [0.5253, 0.5764, 0.5833, 0.5724, 0.5473]
   26     0.5272    0.0227  [0.4875, 0.5392, 0.5536, 0.5367, 0.5190]
   27     0.5324    0.0190  [0.5022, 0.5552, 0.5480, 0.5352, 0.5214]
   28     0.5521    0.0307  [0.5095, 0.5791, 0.5911, 0.5539, 0.5270]
   29     0.6667    0.0280  [0.6411, 0.7047, 0.6947, 0.6568, 0.6362]
   30     0.6894    0.0322  [0.6656, 0.6972, 0.7461, 0.6855, 0.6528]
   31     0.5318    0.0216  [0.4973, 0.5448, 0.5599, 0.5372, 0.5197]
   32     0.5659    0.0229  [0.5484, 0.5682, 0.6075, 0.5633, 0.5420]
   33     0.4855    0.0209  [0.4463, 0.4966, 0.5078, 0.4888, 0.4879]
   34     0.4782    0.0189  [0.4494, 0.4884, 0.5065, 0.4737, 0.4730]
   35     0.4827    0.0185  [0.4507, 0.4935, 0.5065, 0.4831, 0.4797]
   36     0.5494    0.0257  [0.5139, 0.5884, 0.5632, 0.5502, 0.5313]
   37     0.7174    0.0174  [0.7004, 0.7232, 0.7488, 0.7096, 0.7052]
   38     0.6028    0.0218  [0.5743, 0.6143, 0.6361, 0.6043, 0.5850]
   39     1.0542    0.2047  [0.8873, 0.9355, 1.3512, 0.8495, 1.2476]
   40     0.6784    0.0137  [0.6825, 0.6745, 0.7006, 0.6764, 0.6582]
   41     0.4739    0.0194  [0.4424, 0.4880, 0.4991, 0.4739, 0.4663]
   42     0.4584    0.0160  [0.4292, 0.4595, 0.4783, 0.4620, 0.4630]
   43     0.4618    0.0240  [0.4230, 0.4743, 0.4961, 0.4551, 0.4605]
   44     0.4500    0.0158  [0.4255, 0.4580, 0.4735, 0.4465, 0.4467]
   45     1.4770    0.0436  [1.5010, 1.5380, 1.4513, 1.4101, 1.4844]
   46     0.4823    0.0173  [0.4555, 0.4925, 0.5039, 0.4900, 0.4698]
   47     0.6358    0.0213  [0.6129, 0.6427, 0.6724, 0.6337, 0.6171]
   48     0.5139    0.0176  [0.4897, 0.5327, 0.5314, 0.5184, 0.4973]
   49     0.4530    0.0205  [0.4248, 0.4620, 0.4849, 0.4543, 0.4391]
------------------------------------------------------------

最佳超参数（基于 5-Fold CV RMSE = 0.4500）:
  boosting_type = gbdt
  max_depth = 12
  num_leaves = 26
  learning_rate = 0.01434669923619153
  n_estimators = 2530
  subsample = 0.5024858184533159
  subsample_freq = 5
  colsample_bytree = 0.7990063328890189
  feature_fraction = 0.8629725279348598
  feature_fraction_bynode = 0.5519023339321205
  reg_lambda = 17.120005336142228
  reg_alpha = 0.3349732884314357
  min_child_weight = 1.5619551649713657
  min_child_samples = 11
  min_data_in_leaf = 27
  min_split_gain = 0.004636622293159583

各参数重要性:
  boosting_type: 0.3371
  subsample: 0.2512
  min_split_gain: 0.1225
  n_estimators: 0.0700
  subsample_freq: 0.0483
  max_depth: 0.0357
  learning_rate: 0.0279
  reg_alpha: 0.0214
  num_leaves: 0.0194
  feature_fraction: 0.0171
  feature_fraction_bynode: 0.0161
  min_child_samples: 0.0097
  reg_lambda: 0.0084
  min_data_in_leaf: 0.0058
  min_child_weight: 0.0052
  colsample_bytree: 0.0041

============================================================
使用最佳超参数在全部训练数据上训练最终模型 ...
Training until validation scores don't improve for 150 rounds
  [Train (all)] RMSE: 0.1563, MAE: 0.1037, R²: 0.9792

CV R²: [ 0.52013253 -0.00471875  0.3875771   0.59957567  0.51861184]
CV R² 均值: 0.4042 ± 0.2155

============================================================
  [Test] RMSE: 0.3525, MAE: 0.2391, R²: 0.8994

Model                                   RMSE      MAE       R²
--------------------------------------------------------------
LightGBM (Train All)                  0.1563   0.1037   0.9792
LightGBM (Test)                       0.3525   0.2391   0.8994
--------------------------------------------------------------

✅ 全部 RDKit 描述符 (217 维) + LightGBM (Optuna 调参，50 轮)
   训练集 R² = 0.9792
   测试集 R² = 0.8994

📊 特征重要性（Top 20）:
Rank Feature Importance
------------------------
   1 idx_130       1541
   2 idx_19       1243
   3 idx_22       1072
   4 idx_5        1036
   5 idx_45        958
   6 idx_102        931
   7 idx_0         927
   8 idx_103        911
   9 idx_4         910
  10 idx_28        832
  11 idx_15        818
  12 idx_17        769
  13 idx_20        723
  14 idx_24        719
  15 idx_18        713
  16 idx_66        712
  17 idx_57        704
  18 idx_27        698
  19 idx_21        694
  20 idx_75        690

📊 与其他模型对比:
Model                                   RMSE      MAE       R²
--------------------------------------------------------------
MLP (全描述符)                            0.4083   0.2525   0.8650
LightGBM (本模型)                        0.3525   0.2391   0.8994
PS C:\Users\30353\Desktop\surfUltra> 